12675161127895
8817397927479
6092675636986
73556760431957
63125077109884
6849736739945
34915898506405
4695022409600
43378548815750
68046781956507
53704277400084
29423900079229
41315860432426
60766440742448
34573588638238
19461605015241
29756983958135
75843878633680
37645983590855
27395414286715
33246857475966
73140500940055
19886531680098
42730736656680
84462119035712
21708981658665
48995569352961
23776474773028
12604693474889
1647060184113
42219624931840
66232295556574
51136468505388
6900965399481
79854558832336
32039486830705
19216006698509
76867871347369
21548730774442
49310574568704
36484549562774
53435424697885
91051848190444
97293944109559
46693535652424
56539983253399
88961416883239
93765284570298
23643509931623
82423385371706
75336971295207
92055505669685
16157917712424
65913876855213
93293875855494
46181466979700
8098022743542
14523244754390
4592687918327
90690950188559
57687934730700
29865458325645
85427337733720
72817999861185
75942937632248
29168911099298
46656592128529
66452012712915
86556242125339
88202254410996
49400022841875
592110325553
20631020520689
12359678830905
60274478841007
7740559860361
92276509731449
80402017210491
28141399775928
60786537542842
2207563597970
45777357626292
68828322744563
93474454076049
81531483963272
87275140543429
95793076246090
59257775872599
97652790571191
75187424367419
7909887949096
41834245285386
20875922656353
40110010998192
73860993253622
59812932572901
94611370142085
9789341164250
71208853925893
24788604312228
73496870562463
7382747427225
22385235520273
25355117409957
50852072036180
51960569372281
94399857921319
64291441193907
54704811385468
28246912124944
59214572434697
23557555040086
6717170458101
6938603540113
18219998128757
89732448624159
27952344869194
54156446075339
2538787352336
484515519824
35424447638805
93664856504400
22943351920892
35163073702121
47900966007433
74582020892472
70217711262421
60189149354960
76655288487157
91589076974608
75100437612646
32716635421837
13147319376208
15998968657101
87330749961692
28813215238556
39810510060407
42402180627630
16908537738808
72233200256445
71379502934442
63433840200822
85875841205961
71682069519950
5298732867075
77893888086429
31602121771838
92697914328728
35906779749690
99792665038986
90599070938257
76914040208111
41467176176730
39430786708583
81401111542964
68087419176377
97308504267917
75416247677844
81385770200472
15310277406982
89185324791269
71857210906054
29472656367211
20403939740949
73937998522385
47036239959492
10638258091093
1059485658847
59250938941725
57097478076208
92828525814560
16995654247725
15409630264855
44461659860324
19706222449391
48317455023993
46525827316189
82403854424219
2077619339273
12416150519738
96898347521255
36048922623389
84931251222555
80650809305166
51623013676362
58600537332336
75869430095713
99953934610799
93852609137762
74397718289085
71086938896449
54075271671294
83883059663642
31594858276836
88034966995390
71667958816697
45636275319082
46197865885952
26370686742829
44138461685361
70168428087598
78839863022560
16377469057486
23300364467018
59550079741942
42492363105877
50320477243747
65782700127651
25548997945221
87496378573297
77564533630244
82543837667942
91795419508680
47660785433495
13617046973154
18910927898619
85139636902488
71865413161448
84346792341297
77200614655910
63156409144069
7717800128562
37597825976321
51499056133484
10797311473374
35144916036866
9413045539298
9882733818591
88557217795526
28082028552899
3498638834868
87117581705853
39853817331357
26573126733669
4561322946212
24312603364815
73627872546139
91221001015142
8180454067879
14718056890358
22683366302605
45583896565989
22047484396988
3983697492729
20763432472306
4495987279174
93840815205745
53667786791065
67469619659044
78523170791027
84214598358715
27518827491433
59606272529671
22078048775665
95660893173694
77040622545700
14316178818023
50007761062882
35531296229013
6540136200142
60648194279432
53646904621021
8399282194772
19114640757943
84844769180626
38681909306512
58271465894712
77291249134440
84877730326173
37965920214109
15261020782450
26132545726904
32933196880984
87852975679025
5942873289261
39660239654614
55740756226835
39942963775635
73877554893405
77559114951533
48746794079660
73100604935599
54508284718328
18573710271760
58215719399735
73342402998826
70280670169559
49127431440999
43018938147100
65174483679061
49147571553551
34063442693259
13505670940802
26760932408088
8807403026066
76439189559802
20363198279370
5689217279455
22292891600824
8045256344285
61532729974087
63754678592885
44726068677225
96851240406311
57517612041251
63758705745470
82146871341507
88768472310408
41691448955123
90671569614470
60879931085168
81183617791864
54462259370759
78171857094665
57915626934800
41666341638524
10228491846068
75628226672118
52123867727204
85510028859098
58854340889475
64087796702837
48353178212628
39893245666661
27244183395250
74400352228838
33988124016479
17206797915175
5961220420999
78954254039377
58125233003678
2336251627235
4419288959961
54618154047633
18278495985381
92735731023345
32340334334701
75432748064289
64887276196564
47114016005685
83457387426893
61568353604947
74438975712285
91859485008078
66122928915
66051232641329
29374544217134
44500949881532
76416152244756
14874508749106
80314826719369
68431839432140
69541273174394
56757859583674
6189346378313
84416156964401
5616558452623
23567603017689
26628328551994
40350183611622
72411020429669
50892006128119
28857544508844
94725824894221
73846454633830
49151653187510
40692705221108
21378119549030
3574766292069
7788694171763
40337513437557
81055449074791
36317653982247
55174918634675
40813889451140
9060745765545
76331342107787
32118334886784
25556528494226
51601746980808
93774832529872
54727810441696
37436408620129
59721335988784
95983193062474
17238069055224
98075162293804
30375400633085
44320233724077
31753131582424
71442401432072
44099320028508
5855651319094
86303587348907
80816658244089
25437967874891
19983049900465
33432003416879
19664130816544
32934341098008
23081611868091
68142907830727
50238776575236
26671405903358
59395829764057
63515657550913
66322056599612
82588169384882
91439960442075
50333930097038
57414586833073
61997370113663
30464248452431
54255492257464
60099394401398
20005256091293
79011567881524
3220906271786
7876885536107
3419018702249
87974875586212
40600144114353
19888139286520
48685416077163
1965563994638
76434251856177
54718268238110
17309009266261
90262847086293
22836983421034
60648457880897
12211591021152
95851778283400
43593833336031
85067894609701
93530054437776
94292376181335
30536418807944
75287962099281
90982913367684
87438851572686
30379484423018
11678127769701
61737590047036
34028367110820
18674337978706
8789232290734
83218146691973
57850877605405
17492418541457
10611512117331
73578282302198
85084556746197
18974388854980
58539439291083
71168561365824
69035431448503
92302614109628
51130910861840
6658544678825
99156132786385
80973184076479
86837594546983
23409511438151
16012628125924
42691888915030
55984469270942
15464554846035
11640308248995
96169595076353
98491033770727
6434282593804
98237891290003
40419899922029
50888221840007
53075485479747
52418500514937
19737141993032
43124893186655
88135500648260
39137409308105
65094989497834
36642386845183
25933142866490
79288560528464
19042306830650
54003853336252
23883853403508
12566151516374
49027093233498
87145750907881
24487225466156
30657800062203
28581045112059
23494651257560
55135304212823
58199942243716
58070662836615
95353024309747
40541483937297
27107576096328
238074836765
95303072029140
79646275770738
58594538331385
9134083828734
94796270571748
62931117585284
51578825307348
20162102916878
99865974065610
55874374548723
15234432679510
25005417924341
96863239370344
80304425827574
45854764835363
44172746744283
51811801581739
71651751864940
41500979403830
85694278248839
92054697169202
27171911211679
60712057767258
95078939859911
7721810520789
59067333543222
78610310614660
28620325816761
61958897347637
67765050817641
35952937640526
36245665841818
86927278794327
63523827452357
28228470711929
89238512980230
97464316814134
27789551137197
60519312108953
68745836381220
94808788545992
29491126966544
32559063160352
62319046888271
32534377189677
43349939194518
20239401658516
28383049985523
28916061201306
31954093449068
82543775479763
23094231995689
25574560341077
7114535079198
65590011387227
1585336895988
75181158523151
56828547367515
45948926036029
68814173511235
6435525896629
31681573784303
4022112564051
66186457752635
86544866338337
37790474292030
25420075459866
94054704985248
60908898485835
58623641939865
45817613464966
35777757459693
59274898254296
28620344179767
41423802835821
6262965803223
45039806135264
3684457139048
9322683368603
56926268909594
49652074559288
7867039178028
36200486920214
63607483499310
20452356806868
12142283550045
32176697916747
57654893501645
69596259483482
43242051381963
49204547181596
42384891299842
6917181336298
25778503421863
94039789094313
48502763571014
91881551334550
9633259248572
68959819885040
97951469638164
652737603488
34255286576965
69561813418291
36118030085945
73463203007778
47774107640999
8161206444514
42056978144139
35770663865213
25709277174156
24757639578661
25384349343239
83712215568169
70338968989143
5078627849456
7196984669804
47661130737526
99846689395579
89615040462280
61910901117854
25621562941054
50503855041686
47270774093428
71579212501592
27456973215494
80480665487915
41846603330569
88153912444051
21596335012510
57137527608638
40372710650004
92345966859422
12967608902584
49191197888024
10314196491063
83191511541141
63165499295838
32749778856800
99609400009919
7808583942634
75696848479662
44304025576858
17169071153291
32858804434375
91804737812335
10060622757922
64604493351774
97558576023067
35054042666136
188523482235
91787681415822
76457924485728
61769103858150
18466190309649
17338491076529
36876279756238
13222166012060
69821698217322
69791545426184
8743005129389
78696174980281
85664481350966
52900614792621
62969284799806
79239387487834
35630049411477
79396058216393
97733878400520
59727121989588
51805755740800
10145411762870
58861771435257
71546086517616
10147365972927
64610127604420
10172056057827
96851721797984
72454103777720
65933447928606
40319245625774
7714277561855
98893507646469
93697152963165
17470118040040
94194132229529
23167406528549
95785889007575
56744819843939
96234845202615
67717432237911
2504653398742
32815804952440
31900234095030
94675402176552
51399403979058
82033755677653
50983224902838
11764951944355
68653121607696
45384555673715
38516050655704
60058928884850
86318002111938
44744705290412
50736055849761
65943655200729
16838441684714
6847099144737
21717933043975
61579175546170
17767757541834
65703351905688
49664218615802
20540834579020
91389358572592
47922498129503
74444981682152
50528909995991
38707803828934
30884872587516
56197245158738
30751802477146
39893275714995
33634642411592
40183582032313
10182206838586
41137943923505
37938966409020
54216703084049
48809138270276
89272254439762
81301191622989
96023749786702
3266776349718
40597530056403
49527722074402
11620731236388
93183433058037
85436309276806
40001265538893
96082367041933
62732812879986
52399021837588
19116972302071
2907528350006
83421517634008
10995695541105
42100706680082
79613074979538
47130997073802
12619817712683
64071635555590
76458980727481
66852998928447
50290303237330
60070963143057
57200140566756
65689776871198
37032120063553
57677881379279
33703896836275
62258059691829
97824256735286
46701462780544
54345679839950
33453717680960
57076612160596
45269849402752
83081359055610
33757064661590
99470149051689
84258072013766
18637513198339
79779105179191
420509452019
8117157465856
73176422315637
17692962118352
99575136897961
26771522588455
86582685054241
19240864258680
61998403016618
3696035704127
17108751845964
95093443343747
37663126284473
77760566459056
91807000961526
49115370306820
44245299507914
72617756904401
507993049275
46469031525790
22558521390024
71131940623631
7130437713337
39876474580543
31441446492945
1929683735291
8952497214539
70245450121463
43299253024449
42338457742173
92883430081898
52436837461376
52754675360496
76575019213809
16780208981688
81173236148794
45757523074013
7428681903022
66728376280976
83200994545956
85532344997692
51918570682047
8356389936026
7885835013705
76080697107957
78923276869779
59315828795956
23095832024090
85764466465700
28318962353557
39713408748463
91790316164731
61912334805392
29079739106925
54968973659543
92385400598145
44191187891763
47811510269717
70399276912388
91315076704546
61369575570532
81345651833302
8941712826411
58011769500567
44907101064510
12340517758841
2828941803702
87173466486402
95835537709132
71666143451853
18850310381437
79501440316024
63465969650801
77008181583731
59409263995273
29251304001557
65893012346477
10384099793681
34858144451200
9263980419695
65402359956279
31710083057714
5195165722597
90724319573325
25265289411580
66751759142713
58322820234156
69858915269190
87727511556137
4113833028758
94117185810185
58630842134644
20961583599350
86876886687099
30434704823964
96555513814887
4063611014553
6826512216294
50875975640759
78241575788585
53802431620217
86285444818067
3298829082783
56732641229690
62430786998988
4628366807277
57398048419161
56224848722388
14702289927914
79401711704843
32784794825961
47990162531689
16367465016020
64981609467635
45932745465811
18116099544912
27043419601120
96740931670801
95705843048314
8364544682357
39167056493083
49814056097632
93639271779979
93859138933021
60589869609646
92499904576066
19151675339494
25156658586906
38156489989078
17173415378191
77021459791248
42121942211866
31314537803844
84740581784701
7543442224585
32997117314517
68699376425847
83480752099954
63783485016261
81134028238284
15565582029110
14026810673831
75396289009021
24066523783846
62572691933463
4603153556407
20134316521366
59460699374468
36144830343979
76785382590279
41482335493016
2937830931817
44054472533932
11665769666866
68176543244647
96742085388735
9907048819041
77628702930960
36510361336610
72231574562752
33526151885234
42851471549988
27821381331782
9376355476846
82200436487167
9779436204496
34168114172864
93805582178217
37862337531775
52610950938656
17682689731805
31684782824019
99268528588836
59048525242246
11561400404556
85524720136348
221666371704
70696022401809
60711538981652
59427694553813
24704696628170
38676699837876
24223308576667
96414964441380
74454487776294
94773877738803
89030589186975
86274444790866
3135432383940
41830279301489
59707603978063
52152262240452
78164931047745
41988199758319
72599784070586
61503796212615
24994021301126
45583833084246
27157994053651
4554503407894
88278948507975
26415667550150
72402322373961
22005844793932
77366365863786
12624710961948
98338671822303
95416547841091
2587839646505
23705959824937
47999009891281
51110223641983
35334195789145
7418454640828
59994778348312
15547286035589
17778494894953
55845599698025
42680241790815
46924269686164
50733326907928
71908497464425
4261423828612
5539392380066
